1/10/2014 	          SG 345	         16 05          17 35	0
1/10/2014                 SG 227	         19 00          20 30	0
2/10/2014 	          SG 345	         16 05          17 35	0
2/10/2014                 SG 227	         19 00          20 30	0
3/10/2014 	          SG 345	         16 05          17 35	0
3/10/2014                 SG 227	         19 00          20 30	0
4/10/2014                 SG 227	         19 00          20 30	0
5/10/2014 	          SG 345	         16 05          17 35	0
5/10/2014                 SG 227	         19 00          20 30	0
6/10/2014 	          SG 345	         16 05          17 35	0
6/10/2014                 SG 227	         19 00          20 30	0
7/10/2014 	          SG 345	         16 05          17 35	0
7/10/2014                 SG 227	         19 00          20 30	0
8/10/2014 	          SG 345	         16 05          17 35	0
8/10/2014                 SG 227	         19 00          20 30	0
9/10/2014 	          SG 345	         16 05          17 35	0
9/10/2014                 SG 227	         19 00          20 30	0
10/10/2014                SG 345	         16 05          17 35	0
10/10/2014                SG 227	         19 00          20 30	0
11/10/2014                SG 227	         19 00          20 30	0
12/10/2014                SG 345	         16 05          17 35	0
12/10/2014                SG 227	         19 00          20 30	0
13/10/2014                SG 345	         16 05          17 35	0
13/10/2014                SG 227	         19 00          20 30	0
14/10/2014                SG 345	         16 05          17 35	0
14/10/2014                SG 227	         19 00          20 30	0
15/10/2014                SG 345	         16 05          17 35	0
15/10/2014                SG 227	         19 00          20 30	0
16/10/2014                SG 345	         16 05          17 35	0
16/10/2014                SG 227	         19 00          20 30	0
17/10/2014                SG 345	         16 05          17 35	0
17/10/2014                SG 227	         19 00          20 30	0
18/10/2014                SG 227	         19 00          20 30	0
19/10/2014                SG 345	         16 05          17 35	0
19/10/2014                SG 227	         19 00          20 30	0
20/10/2014                SG 345	         16 05          17 35	0
20/10/2014                SG 227	         19 00          20 30	0
21/10/2014                SG 345	         16 05          17 35	0
21/10/2014                SG 227	         19 00          20 30	0
22/10/2014                SG 345	         16 05          17 35	0
22/10/2014                SG 227	         19 00          20 30	0
23/10/2014                SG 345	         16 05          17 35	0
23/10/2014                SG 227	         19 00          20 30	0
24/10/2014                SG 345	         16 05          17 35	0
24/10/2014                SG 227	         19 00          20 30	0
25/10/2014                SG 227	         19 00          20 30	0