1/10/2014              	SG219		20 40		22 20	0
2/10/2014		SG359		21 25		23 00	0				
3/10/2014              	SG219		20 40		22 20	0
4/10/2014		SG359		21 25		23 00	0				
5/10/2014              	SG219		20 40		22 20	0
6/10/2014		SG359		21 25		23 00	0				
7/10/2014              	SG219		20 40		22 20	0
8/10/2014              	SG219		20 40		22 20	0
9/10/2014		SG359		21 25		23 00	0				
10/10/2014             	SG219		20 40		22 20	0
11/10/2014		SG359		21 25		23 00	0				
12/10/2014             	SG219		20 40		22 20	0
13/10/2014		SG359		21 25		23 00	0				
14/10/2014             	SG219		20 40		22 20	0
15/10/2014             	SG219		20 40		22 20	0
16/10/2014		SG359		21 25		23 00	0				
17/10/2014             	SG219		20 40		22 20	0
18/10/2014		SG359		21 25		23 00	0				
19/10/2014             	SG219		20 40		22 20	0
20/10/2014		SG359		21 25		23 00	0				
21/10/2014             	SG219		20 40		22 20	0
22/10/2014             	SG219		20 40		22 20	0
23/10/2014		SG359		21 25		23 00	0				
24/10/2014              SG219		20 40		22 20	0
25/10/2014		SG359		21 25		23 00	0				
